J-B P tables 0 to 102 degrees by 1 degree
   15    0    1  103
   0.00
    0.00   19.90   35.40   49.70   63.90   78.10   92.20  106.30  120.30  134.20
  148.00  161.70  175.30  188.70  201.90  215.00  228.00  240.70  253.20  265.50
  277.00  287.40  297.50  307.40  317.10  326.80  336.20  345.40  354.50  363.50
  372.50  381.30  390.10  398.80  407.50  416.10  424.60  433.00  441.40  449.80
  458.10  466.30  474.50  482.70  490.80  498.90  506.80  514.70  522.60  530.30
  538.00  545.60  553.20  560.70  568.00  575.40  582.60  589.80  596.80  603.80
  610.70  617.50  624.30  630.90  637.50  644.00  650.40  656.80  663.10  669.30
  675.40  681.50  687.50  693.40  699.20  705.00  710.70  716.30  721.80  727.30
  732.70  738.00  743.20  748.40  753.50  758.50  763.50  768.40  773.20  778.00
  782.70  787.30  791.90  796.50  801.10  805.70  810.30  814.80  819.30  823.80
  828.40  832.90  837.40
  15.00
    2.70   18.00   33.50   47.80   62.00   76.20   90.20  104.30  118.30  132.20
  146.00  159.70  173.30  186.70  199.90  213.00  225.80  238.50  251.00  263.30
  274.80  285.20  295.30  305.20  314.90  324.60  333.80  343.00  352.10  361.10
  370.10  378.90  387.70  396.40  405.10  413.70  422.10  430.50  438.90  447.30
  455.60  463.80  472.00  480.20  488.30  496.40  504.30  512.20  520.10  527.80
  535.50  543.10  550.70  558.20  565.50  572.90  580.10  587.30  594.30  601.30
  608.20  615.00  621.80  628.40  635.00  641.50  647.90  654.30  660.60  666.80
  672.90  679.00  685.00  690.90  696.70  702.50  708.10  713.70  719.20  724.70
  730.10  735.40  740.60  745.80  750.90  755.90  760.90  765.80  770.60  775.40
  780.10  784.70  789.30  793.90  798.50  803.10  807.70  812.20  816.70  821.20
  825.80  830.30  834.80
  33.00
    5.40   17.70   32.00   46.30   60.50   74.70   88.70  102.80  116.70  130.60
  144.40  158.10  171.60  185.00  198.10  211.20  224.10  236.70  249.20  261.50
  272.50  282.90  292.90  302.80  312.50  322.20  331.60  340.80  349.90  358.80
  367.70  376.60  385.40  394.10  402.70  411.30  419.80  428.20  436.60  444.90
  453.20  461.50  469.70  477.90  486.00  494.00  502.00  509.80  517.70  525.40
  533.10  540.70  548.20  555.70  563.10  570.40  577.60  584.80  591.80  598.80
  605.70  612.50  619.20  625.90  632.40  638.90  645.30  651.60  657.90  664.10
  670.20  676.30  682.20  688.20  694.00  699.80  705.50  711.20  716.70  722.20
  727.60  732.90  738.10  743.20  748.30  753.30  758.20  763.10  767.90  772.70
  777.40  782.10  786.70  791.30  795.80  800.40  804.90  809.50  814.00  818.50
  823.10  827.60  832.10
  96.00
   13.50   20.40   32.90   46.70   60.40   74.10   87.70  101.60  115.20  128.70
  142.20  155.60  168.90  182.10  195.00  207.90  220.50  232.90  245.20  256.50
  267.10  277.30  287.20  296.90  306.50  316.20  325.50  334.70  343.80  352.70
  361.60  370.40  379.10  387.80  396.40  404.90  413.40  421.80  430.10  438.40
  446.70  454.90  463.10  471.30  479.40  487.40  495.30  503.20  511.00  518.70
  526.40  534.00  541.50  549.00  556.30  563.60  570.80  577.90  584.90  591.80
  598.70  605.50  612.20  618.90  625.40  631.90  638.30  644.60  650.80  657.00
  663.10  669.10  675.10  680.90  686.80  692.50  698.20  703.80  709.30  714.80
  720.20  725.50  730.70  735.80  740.80  745.80  750.70  755.60  760.40  765.10
  769.80  774.50  779.10  783.70  788.20  792.80  797.30  801.90  806.40  811.00
  815.50  820.00  824.40
 160.00
   21.40   25.80   36.00   48.40   61.30   74.40   87.60  101.00  114.30  127.50
  140.60  153.70  166.70  179.60  192.30  204.90  217.30  229.50  241.10  251.60
  261.90  271.90  281.70  291.40  301.00  310.40  319.70  328.80  337.90  346.80
  355.70  364.50  373.20  381.80  390.30  398.80  407.20  415.60  424.00  432.30
  440.50  448.70  456.90  465.00  473.00  481.00  488.90  496.70  504.50  512.20
  519.80  527.40  534.90  542.30  549.60  556.90  564.10  571.10  578.10  585.10
  591.90  598.70  605.40  612.00  618.50  625.00  631.40  637.70  643.90  650.00
  656.10  662.10  668.00  673.90  679.70  685.40  691.00  696.60  702.10  707.50
  712.90  718.20  723.40  728.50  733.50  738.50  743.40  748.20  753.00  757.70
  762.40  767.10  771.70  776.30  780.80  785.40  789.90  794.50  799.00  803.60
  808.10  812.60  817.00
 223.00
   29.10   32.30   40.60   51.30   63.20   75.60   88.30  101.10  114.00  126.90
  139.70  152.50  165.10  177.60  190.00  202.30  214.40  226.00  236.50  246.70
  256.90  266.80  276.50  286.20  295.60  304.90  314.10  323.20  332.20  341.10
  349.90  358.60  367.30  375.90  384.40  392.90  401.30  409.70  418.00  426.30
  434.50  442.70  450.80  458.90  466.90  474.80  482.70  490.40  498.20  505.80
  513.40  520.90  528.30  535.70  543.00  550.20  557.30  564.40  571.40  578.30
  585.10  591.80  598.50  605.10  611.60  618.00  624.40  630.70  636.90  643.00
  649.10  655.10  661.10  667.00  672.80  678.50  684.10  689.60  695.10  700.50
  705.80  711.10  716.20  721.40  726.40  731.40  736.30  741.10  745.80  750.50
  755.20  759.80  764.50  769.10  773.60  778.20  782.70  787.30  791.80  796.40
  800.90  805.40  809.80
 287.00
   36.60   39.10   45.80   55.20   66.00   77.50   89.50  101.80  114.20  126.60
  139.00  151.40  163.80  176.00  188.10  200.10  211.30  221.90  232.20  242.30
  252.20  262.00  271.70  281.20  290.50  299.60  308.70  317.80  326.80  335.60
  344.40  353.10  361.70  370.30  378.80  387.20  395.60  404.00  412.30  420.50
  428.70  436.90  445.00  453.00  461.00  468.90  476.70  484.50  492.20  499.80
  507.30  514.70  522.10  529.40  536.60  543.80  550.90  557.90  564.90  571.80
  578.60  585.30  591.90  598.40  604.90  611.30  617.60  623.90  630.10  636.20
  642.30  648.30  654.30  660.20  666.00  671.70  677.30  682.80  688.30  693.60
  698.90  704.10  709.30  714.40  719.40  724.40  729.30  734.10  738.80  743.50
  748.20  752.80  757.50  762.10  766.60  771.20  775.70  780.30  784.80  789.40
  793.90  798.40  802.80
 350.00
   43.90   45.90   51.60   59.70   69.40   80.10   91.40  103.10  114.90  126.80
  138.80  150.80  162.80  174.70  186.30  197.00  207.60  218.00  228.10  238.10
  247.90  257.60  267.20  276.50  285.70  294.70  303.80  312.80  321.70  330.50
  339.20  347.80  356.40  364.90  373.40  381.80  390.20  398.50  406.80  415.00
  423.20  431.30  439.40  447.40  455.40  463.30  471.10  478.80  486.50  494.10
  501.60  509.00  516.40  523.70  530.90  538.00  545.10  552.00  558.90  565.80
  572.50  579.10  585.70  592.20  598.60  605.00  611.30  617.60  623.70  629.80
  635.90  641.90  647.80  653.70  659.50  665.20  670.80  676.30  681.70  687.00
  692.30  697.50  702.70  707.70  712.80  717.70  722.50  727.30  732.10  736.70
  741.40  746.00  750.70  755.30  759.80  764.40  769.00  773.50  778.00  782.60
  787.10  791.50  795.90
 413.00
   51.10   52.70   57.60   64.60   73.40   83.30   93.70  104.80  116.10  127.50
  139.00  150.60  161.80  172.90  183.60  194.00  204.10  214.20  224.30  234.10
  243.80  253.40  262.00  272.00  281.10  290.10  299.10  308.00  316.80  325.50
  334.20  342.80  351.40  359.90  368.40  376.80  385.20  393.50  401.70  409.90
  418.10  426.20  434.20  442.20  450.10  458.00  465.80  473.50  481.10  488.70
  496.20  503.60  511.00  518.30  525.50  532.60  539.60  546.50  553.30  560.00
  566.70  573.30  579.90  586.40  592.80  599.20  605.50  611.70  617.80  623.90
  629.90  635.80  641.70  647.50  653.20  658.80  664.40  669.90  675.30  680.60
  685.90  691.10  696.20  701.30  706.30  711.20  716.00  720.80  725.50  730.20
  734.80  739.40  744.10  748.70  753.20  757.80  762.40  766.90  771.50  776.00
  780.40  784.80  789.20
 477.00
   58.00   59.30   63.40   69.70   77.50   86.50   96.30  106.50  117.10  127.90
  138.60  149.30  159.90  170.50  180.90  191.10  201.20  211.20  221.10  230.80
  240.30  249.70  259.00  268.10  277.10  286.10  295.00  303.90  312.60  321.40
  330.00  338.60  347.10  355.50  363.90  372.30  380.60  388.90  397.10  405.30
  413.40  421.50  429.50  437.40  445.30  453.10  460.80  468.50  476.10  483.60
  491.10  498.50  505.80  513.00  520.10  527.20  534.20  541.00  547.80  554.50
  561.20  567.80  574.40  580.90  587.30  593.60  599.80  606.00  612.10  618.10
  624.10  630.00  635.80  641.60  647.30  652.90  658.40  663.90  669.30  674.60
  679.80  685.00  690.10  695.10  700.10  705.00  709.80  714.60  719.30  724.00
  728.60  733.20  737.80  742.40  747.00  751.50  756.00  760.60  765.10  769.60
  774.10  778.50  782.90
 540.00
   64.50   65.70   69.20   74.80   81.70   89.90   98.90  108.40  118.30  128.40
  138.60  148.80  158.90  169.10  179.20  189.20  199.00  208.70  218.40  227.90
  237.30  246.50  255.70  264.70  273.70  282.60  291.40  300.20  309.00  317.60
  326.20  334.70  343.20  351.60  360.00  368.30  376.60  384.80  392.90  401.00
  409.10  417.10  425.10  433.00  440.80  448.60  456.30  463.90  471.50  479.00
  486.40  493.70  501.00  508.10  515.20  522.20  529.10  536.00  542.80  549.50
  556.10  562.70  569.20  575.60  582.00  588.30  594.50  600.70  606.80  612.80
  618.70  624.60  630.40  636.10  641.70  647.30  652.80  658.20  663.60  668.90
  674.10  679.30  684.30  689.40  694.30  699.20  704.00  708.70  713.40  718.10
  722.70  727.30  731.90  736.50  741.10  745.60  750.10  754.70  759.20  763.70
  768.20  772.60  777.00
 603.00
   70.80   72.00   74.80   79.80   86.20   93.50  101.80  110.60  119.80  129.30
  138.90  148.70  158.60  168.50  178.20  187.90  197.50  206.90  216.30  225.60
  234.80  243.90  253.00  261.90  270.80  279.60  288.40  297.10  305.70  314.30
  322.80  331.30  339.70  348.10  356.40  364.70  372.90  381.10  389.30  397.40
  405.40  413.40  421.30  429.10  436.90  446.60  452.20  459.80  467.30  474.80
  482.10  489.40  496.50  503.60  510.60  517.60  524.50  531.30  538.10  544.80
  551.40  557.90  564.40  570.80  577.10  583.40  589.60  595.70  601.70  607.70
  613.60  619.40  625.20  630.90  636.50  642.10  647.60  653.00  658.30  663.60
  668.80  673.90  679.00  684.00  688.90  693.80  698.60  703.30  708.00  712.70
  717.30  721.90  726.40  731.00  735.50  740.00  744.50  749.00  753.50  758.00
  762.60  767.00  771.40
 667.00
   76.80   78.00   80.30   84.70   90.60   97.30  104.80  113.10  121.70  130.70
  139.90  149.10  158.60  168.10  177.60  187.10  196.40  205.50  214.70  223.80
  232.80  241.80  250.80  259.60  268.40  277.10  285.80  294.40  302.90  311.40
  319.90  328.30  336.70  345.00  353.30  361.50  369.70  377.90  386.00  394.00
  402.00  409.90  417.80  425.50  433.30  440.90  448.50  456.00  463.40  470.80
  478.10  485.30  492.40  499.50  506.50  513.40  520.20  527.00  533.70  540.30
  546.90  553.40  559.80  566.20  572.50  578.70  584.90  590.90  597.00  602.90
  608.80  614.60  620.30  626.00  631.60  637.10  642.60  647.90  653.30  658.50
  663.70  668.80  673.90  678.80  683.80  688.60  693.30  698.00  702.70  707.30
  711.90  716.50  721.10  725.70  730.30  734.80  739.30  743.80  748.30  752.80
  757.30  761.70  766.10
 730.00
   82.80   83.60   85.90   89.80   95.10  101.40  108.20  115.90  124.00  132.50
  141.20  150.00  159.00  168.10  177.20  186.40  195.50  204.50  213.50  222.50
  231.30  240.20  249.00  257.70  266.40  275.00  283.60  292.10  300.60  309.00
  317.40  325.70  334.10  342.30  350.50  358.70  366.80  374.90  383.00  391.00
  398.90  406.70  414.50  422.20  429.80  437.40  444.90  452.40  459.80  467.10
  474.40  481.60  488.60  495.60  502.60  509.40  516.20  522.90  529.50  536.10
  542.60  549.00  555.40  561.80  568.00  574.20  580.30  586.40  592.40  598.30
  604.20  610.00  615.70  621.30  626.80  632.30  637.70  643.10  648.30  653.60
  658.70  663.80  668.80  673.70  678.60  683.40  688.10  692.80  697.50  702.10
  706.70  711.30  715.90  720.50  725.10  729.60  734.10  738.60  743.10  747.60
  752.10  756.50  760.90
 793.00
   88.80   89.40   91.50   94.90   99.70  105.40  111.90  118.90  126.50  134.50
  142.70  151.20  159.80  168.50  177.30  186.20  195.10  204.00  212.80  221.60
  230.30  239.00  247.70  256.30  264.90  273.40  281.90  290.30  298.70  307.10
  315.40  323.70  331.90  340.10  348.20  356.30  364.40  372.40  380.40  388.30
  396.10  403.80  411.50  419.10  426.70  434.20  441.70  449.10  456.40  463.70
  470.90  478.00  485.00  491.90  498.80  505.60  512.30  519.00  525.60  532.10
  538.60  545.00  551.40  557.60  563.90  570.00  576.10  582.10  588.00  593.90
  599.70  605.40  611.10  616.60  622.20  627.60  633.00  638.30  643.50  648.70
  653.80  658.80  663.80  668.70  673.60  678.40  683.10  687.80  692.40  697.00
  701.60  706.20  710.80  715.30  719.90  724.40  728.90  733.50  738.00  742.50
  747.00  751.40  755.80
J-B S tables from 0 to 107 degrees by 1 deg increments
   14    0    1  108
    0.0
   10.7   36.1   61.5   86.9  112.2  137.5  162.6  187.6  212.6  237.5
  262.2  286.7  311.1  335.3  359.2  382.9  406.4  429.5  452.3  474.9
  497.1  517.4  536.2  554.4  571.9  588.9  605.6  622.1  638.2  654.3
  670.2  686.0  701.6  717.2  732.7  748.2  763.7  779.0  794.3  809.4
  824.5  839.4  854.2  868.9  883.4  897.9  912.2  926.5  940.6  954.7
  968.6  982.4  996.2 1009.8 1023.4 1036.8 1050.2 1063.4 1076.6 1089.7
 1102.6 1115.4 1128.1 1140.7 1153.2 1165.5 1177.8 1189.9 1201.9 1213.8
 1225.6 1237.3 1248.8 1260.2 1271.4 1282.6 1293.6 1304.5 1315.3 1326.0
 1336.5 1346.9 1357.2 1367.4 1377.4 1387.3 1397.0 1406.6 1416.0 1425.3
 1434.5 1443.4 1452.3 1461.0 1469.7 1478.2 1486.7 1495.2 1503.6 1512.0
 1520.4 1528.8 1537.1 1545.5 1553.8 1562.1 1570.4 1578.7
   33.0
    9.2   30.8   56.1   81.5  106.9  132.1  157.2  182.1  207.0  231.9
  256.6  281.0  305.3  329.4  353.3  376.9  400.2  423.3  446.0  468.5
  490.6  510.0  528.7  546.8  564.3  581.3  597.8  614.2  630.3  646.3
  662.2  677.9  693.6  709.2  724.7  740.2  755.6  771.0  786.2  801.4
  816.4  831.3  846.1  860.7  875.3  889.7  904.0  918.2  932.4  946.4
  960.3  974.1  987.9 1001.5 1015.1 1028.5 1041.9 1055.1 1068.2 1081.3
 1094.2 1107.0 1119.7 1132.2 1144.7 1157.0 1169.2 1181.3 1193.3 1205.2
 1217.0 1228.6 1240.2 1251.6 1262.8 1274.0 1285.0 1295.9 1306.7 1317.3
 1327.8 1338.2 1348.5 1358.6 1368.6 1378.5 1388.2 1397.8 1407.2 1416.5
 1425.7 1434.6 1443.4 1452.2 1460.8 1469.3 1477.8 1486.3 1494.7 1503.1
 1511.5 1519.9 1528.2 1536.6 1544.9 1553.2 1561.5 1569.8
   96.4
   23.6   35.8   57.2   81.8  106.4  131.1  155.7  180.2  204.7  229.1
  253.2  277.2  301.1  324.8  348.3  371.8  394.6  417.3  439.4  461.4
  481.6  500.5  518.7  536.3  553.5  570.3  586.9  603.2  619.4  635.3
  651.1  666.8  682.5  698.0  713.5  728.9  744.3  759.5  774.7  789.8
  804.8  819.6  834.4  849.0  863.5  877.9  892.2  906.4  920.4  934.4
  948.3  962.1  975.8  989.4 1002.9 1016.3 1029.6 1042.8 1055.9 1068.9
 1081.8 1094.6 1107.2 1119.8 1132.2 1144.5 1156.7 1168.8 1180.8 1192.7
 1204.4 1215.9 1227.4 1238.7 1249.8 1260.9 1271.9 1282.8 1293.5 1304.2
 1314.7 1325.1 1335.3 1345.4 1355.4 1365.2 1374.9 1384.4 1393.8 1403.1
 1412.2 1421.1 1429.9 1438.6 1447.2 1455.7 1464.2 1472.7 1481.1 1489.5
 1497.9 1506.3 1514.6 1523.0 1531.3 1539.6 1547.8 1556.2
  159.8
   37.7   45.7   63.8   85.5  108.5  131.9  155.7  179.6  203.5  227.2
  250.8  274.3  297.7  321.0  344.0  366.8  389.4  411.7  433.6  454.0
  472.7  491.3  509.1  526.3  543.2  560.0  576.5  592.7  608.8  624.7
  640.4  656.1  671.7  687.3  702.7  718.1  733.4  748.6  763.8  778.8
  793.7  808.5  823.1  837.7  852.2  866.5  880.7  894.9  908.9  922.9
  936.7  950.5  964.1  977.7  991.1 1004.5 1017.8 1030.9 1044.0 1057.0
 1069.8 1082.5 1095.1 1107.6 1120.0 1132.3 1144.5 1156.5 1168.4 1180.2
 1191.9 1203.4 1214.8 1226.1 1237.3 1248.3 1259.3 1270.1 1280.8 1291.4
 1301.9 1312.2 1322.4 1332.5 1342.4 1352.2 1361.8 1371.3 1380.7 1389.9
 1399.0 1407.9 1416.7 1425.4 1434.0 1442.5 1451.0 1459.5 1467.9 1476.2
 1484.6 1493.0 1501.3 1509.7 1518.0 1526.3 1534.6    0.0
  223.1
   51.5   57.4   71.9   91.1  112.2  134.4  157.1  180.1  203.2  226.2
  249.2  272.3  295.2  317.9  340.3  362.6  384.8  406.5  426.7  445.8
  464.3  482.3  499.8  516.8  533.6  550.1  566.3  582.5  598.5  614.4
  630.1  645.8  661.3  676.8  692.3  707.6  722.9  738.1  753.1  768.1
  783.0  797.7  812.3  826.8  841.2  855.5  869.7  883.8  897.9  911.8
  925.6  939.3  952.9  966.4  979.8  993.1 1006.3 1019.5 1032.5 1045.5
 1058.3 1071.0 1083.5 1096.0 1108.3 1120.5 1132.6 1144.7 1156.6 1168.3
 1180.0 1191.5 1202.9 1214.1 1225.2 1236.2 1247.1 1257.9 1268.5 1279.1
 1289.5 1299.8 1309.9 1320.0 1329.9 1339.6 1349.2 1358.6 1368.0 1377.1
 1386.2 1395.1 1403.8 1412.5 1421.1 1429.6 1438.1 1446.6 1455.0 1463.3
 1471.7 1480.1 1488.4 1496.8 1505.1 1513.3 1521.7    0.0
  286.5
   65.1   69.7   81.5   98.2  117.5  138.2  159.7  181.7  203.9  226.2
  248.6  271.0  293.3  315.4  337.3  359.1  380.6  400.2  419.3  438.0
  456.1  473.7  490.9  507.8  524.4  540.7  556.8  572.8  588.7  604.5
  620.2  635.8  651.3  666.8  682.2  697.5  712.7  727.9  742.9  757.9
  772.7  787.4  801.9  816.4  830.8  845.0  859.2  873.2  887.2  901.0
  914.8  928.5  942.0  955.5  968.8  982.1  995.3 1008.4 1021.4 1034.3
 1047.1 1059.7 1072.2 1084.6 1096.9 1109.1 1121.2 1133.2 1145.0 1156.8
 1168.4 1179.9 1191.2 1202.4 1213.4 1224.4 1235.3 1246.0 1256.6 1267.1
 1277.5 1287.7 1297.8 1307.8 1317.6 1327.3 1336.8 1346.3 1355.5 1364.7
 1373.7 1382.5 1391.3 1399.9 1408.5 1417.0 1425.5 1433.9 1442.4 1450.7
 1459.1 1467.4 1475.8 1484.1 1492.4 1500.7 1509.0    0.0
  349.9
   78.3   81.9   92.0  106.5  123.9  143.0  163.2  184.1  205.4  226.9
  248.6  270.2  291.8  313.4  335.0  355.2  374.5  393.5  412.3  430.6
  448.3  465.5  482.5  499.1  515.6  531.8  547.8  563.7  579.5  595.2
  610.9  626.5  642.0  657.4  672.7  688.0  703.2  718.2  733.2  748.0
  762.8  777.4  791.9  806.3  820.6  834.8  848.9  862.9  876.9  890.7
  904.4  918.0  931.5  945.0  958.3  971.5  984.6  997.7 1010.6 1023.5
 1036.2 1048.8 1061.3 1073.6 1085.9 1098.0 1110.1 1122.0 1133.8 1145.5
 1157.1 1168.5 1179.8 1191.0 1202.0 1212.9 1223.7 1234.4 1245.0 1255.5
 1265.8 1276.0 1286.0 1296.0 1305.7 1315.4 1324.9 1334.3 1343.5 1352.6
 1361.6 1370.4 1379.1 1387.8 1396.3 1404.8 1413.3 1421.7 1430.2 1438.5
 1446.9 1455.3 1463.6 1471.9 1480.2 1488.5    0.0    0.0
  413.3
   91.2   94.2  102.8  115.5  131.1  148.6  167.4  187.5  207.7  228.3
  249.1  270.0  290.9  311.0  330.8  350.1  369.0  387.6  405.8  423.5
  440.8  457.8  474.5  491.0  507.2  523.3  539.3  555.1  570.8  586.4
  602.0  617.5  633.0  648.4  663.7  678.9  694.0  709.0  723.9  738.7
  753.4  768.0  782.4  796.7  811.0  825.1  839.1  853.1  866.9  880.6
  894.3  907.9  921.4  934.8  948.1  961.3  974.4  987.4 1000.3 1013.0
 1025.7 1038.2 1050.7 1063.0 1075.2 1087.3 1099.3 1111.2 1122.9 1134.6
 1146.1 1157.5 1168.7 1179.8 1190.8 1201.7 1212.5 1223.1 1233.7 1244.1
 1254.4 1264.6 1274.6 1284.6 1294.4 1304.0 1313.5 1322.8 1332.0 1341.1
 1350.0 1358.8 1367.5 1376.1 1384.6 1393.1 1401.6 1410.0 1418.4 1426.8
 1435.1 1443.4 1451.8 1460.1 1468.4 1476.7    0.0    0.0
  476.7
  103.6  106.3  113.6  124.8  138.8  154.9  172.4  190.9  210.0  229.4
  249.0  268.7  288.3  307.6  326.7  345.6  364.0  382.1  399.7  417.0
  434.0  450.8  467.3  483.6  499.7  515.7  531.6  547.3  562.9  578.5
  594.0  609.5  624.9  640.3  655.6  670.8  685.8  700.8  715.6  730.3
  744.9  759.4  773.7  788.0  802.1  816.2  830.2  844.1  857.9  871.6
  885.2  898.7  912.2  925.5  938.8  951.9  964.9  977.9  990.7 1003.4
 1016.0 1028.5 1040.9 1053.1 1065.3 1077.3 1089.2 1101.1 1112.8 1124.3
 1135.8 1147.1 1158.3 1169.4 1180.4 1191.2 1201.9 1212.6 1223.1 1233.4
 1243.7 1253.8 1263.8 1273.7 1283.4 1293.0 1302.4 1311.7 1320.9 1329.9
 1338.8 1347.6 1356.2 1364.8 1373.3 1381.8 1390.3 1398.7 1407.1 1415.5
 1423.9 1432.2 1440.5 1448.8 1457.1 1465.4    0.0    0.0
  540.0
  115.5  117.6  124.1  134.0  146.6  161.2  177.4  194.6  212.5  230.8
  249.4  268.1  286.8  305.2  323.6  341.9  359.8  377.4  394.5  411.5
  428.2  444.8  461.1  477.2  493.2  509.0  524.8  540.4  556.0  571.5
  587.0  602.5  617.8  633.2  648.4  663.5  678.4  693.3  708.0  722.6
  737.1  751.5  765.8  780.0  794.1  808.1  822.0  835.9  849.6  863.2
  876.8  890.3  903.7  916.9  930.1  943.2  956.2  969.0  981.8  994.5
 1007.0 1019.4 1031.7 1043.9 1056.0 1068.0 1079.9 1091.6 1103.3 1114.8
 1126.2 1137.5 1148.6 1159.6 1170.5 1181.3 1192.0 1202.6 1213.0 1223.4
 1233.6 1243.7 1253.6 1263.4 1273.1 1282.6 1292.0 1301.2 1310.3 1319.3
 1328.2 1336.9 1345.6 1354.2 1362.7 1371.1 1379.5 1387.9 1396.3 1404.7
 1413.0 1421.4 1429.7 1438.0 1446.3 1454.6    0.0    0.0
  603.4
  126.9  128.9  134.4  143.2  154.6  167.8  182.7  198.7  215.6  232.9
  250.5  268.3  286.0  303.7  321.5  339.1  356.4  373.5  390.3  407.0
  423.5  439.7  455.9  471.8  487.6  503.3  519.0  534.5  550.1  565.5
  581.0  596.4  611.6  626.8  641.9  656.9  671.8  686.5  701.1  715.7
  730.1  744.4  758.6  772.7  786.8  800.7  814.6  828.4  842.1  855.7
  869.2  882.6  895.9  909.1  922.2  935.2  948.1  960.9  973.6  986.2
  998.7 1011.1 1023.3 1035.5 1047.5 1059.4 1071.2 1082.9 1094.4 1105.9
 1117.2 1128.4 1139.5 1150.5 1161.4 1172.2 1182.9 1193.4 1203.8 1214.1
 1224.2 1234.2 1244.0 1253.8 1263.3 1272.8 1282.1 1291.3 1300.4 1309.3
 1318.2 1326.9 1335.5 1344.1 1352.6 1361.0 1369.4 1377.8 1386.1 1394.5
 1402.9 1411.2 1419.5 1427.8 1436.1    0.0    0.0    0.0
  666.8
  137.9  139.6  144.6  152.4  162.6  174.8  188.3  203.1  218.8  235.2
  251.9  268.9  285.9  303.0  320.1  337.0  353.7  370.4  386.9  403.2
  419.4  435.6  451.5  467.2  482.9  498.5  514.1  529.6  545.1  560.5
  575.9  591.1  606.3  621.4  636.3  651.2  665.9  680.6  695.1  709.6
  723.9  738.1  752.3  766.3  780.2  794.1  807.9  821.6  835.2  848.8
  862.2  875.5  888.7  901.9  914.9  927.8  940.6  953.4  966.0  978.6
  991.0 1003.3 1015.5 1027.5 1039.5 1051.3 1063.0 1074.6 1086.1 1097.5
 1108.8 1120.0 1131.1 1142.0 1152.9 1163.6 1174.2 1184.6 1194.9 1205.1
 1215.2 1225.1 1235.0 1244.6 1254.2 1263.6 1272.8 1281.9 1290.9 1299.8
 1308.6 1317.3 1325.9 1334.4 1342.9 1351.3 1359.7 1368.1 1376.4 1384.8
 1393.2 1401.5 1409.8 1418.1 1426.4    0.0    0.0    0.0
  730.2
  148.6  150.2  154.6  161.6  170.9  182.0  194.6  208.2  222.8  238.1
  253.8  270.0  286.4  302.8  319.3  335.7  351.9  368.2  384.4  400.4
  416.3  432.2  448.0  463.6  479.1  494.7  510.2  525.6  541.0  556.3
  571.6  586.7  601.7  616.7  631.5  646.2  660.8  675.4  689.8  704.2
  718.4  732.5  746.6  760.6  774.4  788.2  801.9  815.5  829.0  842.5
  855.8  869.0  882.2  895.2  908.2  921.0  933.7  946.4  958.9  971.4
  983.7  995.9 1008.0 1020.0 1031.9 1043.7 1055.3 1066.9 1078.3 1089.6
 1100.8 1111.9 1122.9 1133.7 1144.5 1155.1 1165.6 1176.1 1186.4 1196.6
 1206.6 1216.5 1226.2 1235.9 1245.3 1254.7 1263.9 1273.0 1281.9 1290.8
 1299.5 1308.1 1316.7 1325.2 1333.6 1342.0 1350.4 1358.7 1367.1 1375.5
 1383.9 1392.2 1400.5 1408.8    0.0    0.0    0.0    0.0
  793.6
  159.0  160.4  164.4  170.7  179.1  189.4  200.9  213.4  226.9  241.4
  256.5  271.9  287.5  303.3  319.2  335.1  351.0  366.9  382.7  398.5
  414.1  429.7  445.3  460.8  476.3  491.8  507.2  522.5  537.8  552.9
  568.0  583.0  597.9  612.7  627.4  642.0  656.5  670.9  685.2  699.4
  713.5  727.6  741.5  755.4  769.2  782.9  796.5  810.0  823.4  836.8
  850.0  863.2  876.2  889.2  902.0  914.8  927.4  940.0  952.4  964.7
  976.9  989.0 1001.1 1013.0 1024.8 1036.5 1048.1 1059.5 1070.9 1082.1
 1093.2 1104.2 1115.1 1125.9 1136.5 1147.1 1157.6 1167.9 1178.2 1188.3
 1198.3 1208.1 1217.9 1227.4 1236.9 1246.2 1255.3 1264.4 1273.3 1282.1
 1290.8 1299.4 1307.9 1316.4 1324.8 1333.2 1341.6 1349.9 1358.3 1366.7
 1375.1 1383.4 1391.7 1400.0    0.0    0.0    0.0    0.0



