
             EARTHQUAKE CATALOGUE OF TURKEY
                    1900 - 1995
                       M>6.0          

REGION BOUNDED :  33.0N-45.0N
                  23.0E-48.0E           


See KATING.TXT file for the explanation of the follwing ASCII file.

31 03 1901 0710   M01   4340  200 2870  200 8  14 8     728          10 8 280 8
30 07 1901 0330   M15   4340  100 2870  100 8  15 8     608                    
05 07 1902 145630 M01   4080  300 2320  300 8  11 8     668           9 8 140 8
28 04 1903 234600       3910      4250      9  D2 9     639                    
11 08 1903 043254       3600      2300      M  80 M     79M           9 8 330 8
13 09 1903 080241 M01   4480  500 2670  500 7  50 7     627           6 7  60 7
04 04 1904 100234   500 4180  100 2300  100 8  15 8     718           958 200 8
04 04 1904 102555   500 4180  100 2380  100 8  18 8     788          10 8 370 8
11 08 1904 0608   M01   3770  300 2690  300 8   6 8     628           9 8 150 8
18 08 1904 2007   M04   3800 1000 2700 1000 8  30 8     608           7 8      
20 01 1905 023230       3960      2300      M  D2 M     60M                    
08 10 1905 072730  1500 4180  300 2310  300 8  19 8     648           8 8 115 8
21 10 1905 110126  1000 4330  500 4170  500 7  35 7     647           7 7  85 7
08 11 1905 2206   M01   4030  300 2440  300 8  14 8     748          10 8 270 8
04 12 1905 070400       3900      3900      9  D2 9     689                    
28 09 1906 055000 H02   4050      4270      9  D2 9     629                    
28 12 1906              4050      4200      9  D2 9     609                    
   12 1907              3760      3450      9   0 9     63            8 9      
17 02 1908  300         3740      3580      9   0 9     609                    
17 05 1908 123042       3550      2400      M  80 M     67M                    
28 09 1908 062800       3800      4400      9  D2 9     609                    
19 01 1909 0457   M04   3800  300 2650  300 8  60 8     608                    
09 02 1909 112406       4000      3800      9  60 9     639                    
18 02 1910 050918 M01   3570 1000 2400 1000 8  90 8     688                    
25 06 1910 192600       4100      3400      9           629                    
21 08 1910 171430       3440      2700      M  60 M     60M                    
04 04 1911 154354       3650      2550      M 140 M     71M                    
30 04 1911 204230       3600      3000      M 180 M     60M                    
22 10 1911 2232   M01   3950  100 2300  100 8  15 8     608           7 8  30 8
09 08 1912 0129   M01   4060  100 2720  200 8  16 8     738          10 8 460 8
10 08 1912 0923   M04   4060  100 2710  100 8  15 8     638                    
20 04 1913 0313479  128 4191  180 4432  200 1  10 1     611           6 7      
14 06 1913 093313   500 4310  300 2570  300 8  15 8     708           958 200 8
30 09 1913 073336  1500 3500 1000 2400 1000 8  60 8     618                    
03 10 1914 220724 M01   3770  300 3040  300 8  14 8     698           9 8      
17 10 1914 062232  1500 3820  100 2350  100 8   8 8     608           8 8      
24 01 1916 0655158  120 4027  200 3683  150 1  10 1     711                    
20 08 1917 2302096  176 4030  100 2543  210 1  40 1  15 601                    
16 07 1918 2003445  174 3608  220 2699  320 1  70 1  23 611           6 8      
29 09 1918 1207050      3520      3470      J   0 J     65J                    
18 11 1919 2154503  584 3926  280 2671  650 1  10 1   2 701           8 8      
20 02 1920 114425   200 4200  100 4410  100 7  11 7     627           857   70 
15 11 1920 092043  1500 3600 1000 2580 1000 8 120 8     608                    
11 08 1922 0819410  201 3536  230 2770  360 1  10 1  28 651                    
13 08 1922 0009545  154 3551  200 2798  280 1  10 1  34 691                    
01 08 1923 081638  1500 3500 1000 2500 1000 8 160 8     698                    
03 08 1923 015600 M01   3500 1000 2500 1000 8 150 8     618                    
05 12 1923 205635  1500 4000  300 2330  300 8  15 8     638           8 8  90 8
13 09 1924 1434147  102 3996  150 4194  150 1  10 1     681           9 7      
09 01 1925 1738343  102 4133  150 4341  160 1  60 1     601           8 7  75 7
01 03 1926 2002018  010 3715  100 2961  100 C  10 C  40 648                    
16 03 1926 1753   M01   3750 1000 2900 1000 8  15 8     638           9 8      
18 03 1926 1406140  010 3599  100 3013  100 C  10 C  47 688                    
26 06 1926 1946421  010 3675  100 2698  100 C  10 C  44 778               510 8
05 07 1926 0921551  056 3652  070 2669  090 1 140 1  14 628                    
30 08 1926 113800  1500 3680  300 2320  300 8 100 8     748               155 8
22 10 1926 195937    84 4094   90 4388  110 1  10 1     601           857  60 7
 5  6 1927 022458       3600      3100      G           62G                    
26 06 1927 112045   500 4440  200 3440  200 7  27 7     607           7 7 120 7
11 09 1927 221548   200 4430  500 3430  500 7  17 7     687           9 7 190 7
12 09 1927 032003   500 4450  200 3450  200 7  35 7     607           657      
31 03 1928 0029489  071 3818  080 2780  080 1  10 1  47 658                    
14 04 1928 0859580  010 4234  100 2602  100 C  19 C  63 688           9 8 180 8
18 04 1928 192248   500 4220  300 2500  300 8  16 8     708           958 200 8
22 04 1928 201346  1500 3800  300 2300  300 8   5 8     628           9 8 120 8
02 05 1928 2154322  530 3964  070 2914  060 1  10 1  50 618           8 8 150 8
18 05 1929 0637543   50 4020   80 3790   70 1  10 1     611                    
27 03 1929 0741455 1110 3640  130 2654  110 1  80 1  19 628               160 8
14 02 1930 183820   M0? 3560 1000 2500 1000 8 120 8     688               120 8
23 02 1930 181912  1500 3950 1000 2300 1000 8  14 8     608           758      
31 03 1930 123348   500 3950  300 2300  300 8  11 8     608           8 8      
06 05 1930 2234317   50 3798  120 4448   70 1  70 1     761           957      
08 05 1930 153527    68 3797  140 4500   70 1  30 1     631                    
09 04 1931              3830      3190      9   0 9     70            9 D      
27 04 1931 165045   500 3920  200 4600  200 7  22 7     637           857 185 7
29 06 1932 192042   500 4050  300 2390  300 8   6 8     698           958 140 8
26 09 1932 1920430  010 4039  100 2381  100 C   5 C 134 71C                    
29 09 1932 0357244 010  4083  100 2346  100 C  25 C  87 64C                    
23 04 1933 0557372  028 3677  050 2729  040 1  30 1  83 648                    
11 05 1933 190947 M 5   4060  300 2350  300 8  21 8     638           7 8 110 8
19 07 1933 2007098  460 3819   60 2979   60 1  40 1  46 608           8 8      
09 11 1934 1340566   58 3663   70 2577   60 1  80 1  45 638           8 8      
04 01 1935 1441304   62 4040   90 2749   60 1  30 1  40 648           9 8      
04 01 1935 1620046   91 4030  120 2745   60 1  20 1  30 638           8 8      
25 02 1935 025134  1500 3580  300 2500  300 8 100 8     718                    
18 03 1935 0840411  097 3533  150 2683  060 1  70 1  27 658           6 8      
01 05 1935 1024463   66 4009  160 4322   80 1  60 1     601           8 7  50 7
16 12 1937 173530  1500 3550 1000 2300 1000 8 120 8     638                    
19 04 1938 1059204   42 3944   60 3379   60 1  10 1     661                    
20 07 1938 002335   500 3850  300 2380  300 8   7 8     618           8 8      
22 09 1939 0036366   38 3907  006 2694  005 1  10 1     668                    
26 12 1939 2357209   29 3980   50 3951   40 1  20 1     791                    
29 02 1940 160742  1500 3550  300 2550  300 8  32 8     608                60 8
07 05 1940 2223436   27 4203   50 4371   40 1  10 1     611           8 7 105 7
30 07 1940 0012146   54 3964   80 3525   70 1  50 1     621                    
20 12 1940              3911      3920      D           60D                    
20 01 1941 033659    10 3520  100 3360  100 2 100 G     65G                    
23 05 1941 1951585   53 3707   60 2821   60 1  40 1  38 608           8 8      
08 11 1941              3974      3950      D           60D                    
13 12 1941 0616053   47 3713   70 2806   70 1  30 1  27 658           8 8      
16 06 1942 091347  1500 3570 1000 2320 1000 8 150 8     608                    
21 06 1942 0438394   70 3612  100 2720  120 1  40 1  28 648           8 8      
15 11 1942 1701229  138 3955  110 2858  240 1  10 1     611                    
11 12 1942 0239179   71 4076   90 3483  140 1  40 1     611                    
20 12 1942 140303  1000 4070  500 3680  500 7  16 7     707          10 7 450 7
20 06 1943 153254    39 4085   60 3051   60 1  10 1  43 658           9 8      
27 06 1943 100537 M01   3500 1000 2600 1000 8 130 8     618                    
16 10 1943 1308595   47 3645   70 2794   60 1 120 1  37 668                    
26 11 1943 2220408  145 4105  180 3372  130 1  10 1     721                    
01 02 1944 0322399   69 4141  150 3269  110 1  10 1     721                    
27 05 1944 2352315   60 3623  100 2725  120 1  40 1  22 628                    
25 06 1944 0416293  010 3874  010 2900  010 C  69 C  51 621           8 8      
17 07 1944 1053592   84 3591  120 4255  130 1  80 1     611                    
06 10 1944 0234487   42 3948   70 2656   60 1  40 1  52 688                    
20 03 1945 0758565   73 3711  120 3570  120 1  60 1     601                    
02 09 1945 1154046  010 3443  010 2861  010 C  62 C  68 638                    
26 10 1945 1356509   66 4154  120 3329   80 1  50 1     601                    
16 07 1946 0526342  010 3420  010 2565  010 C  17 C  61 60C                    
30 08 1947 222131   500 3510  300 2340  300 8  15 8     648                    
09 02 1948 1258186   33 3541  070 2720  040 1  30 1  61 718           9 8 150 8
29 06 1948 160629   500 4160  500 4640  500 7  48 7     617           7 7 190 7
24 07 1948 060305   500 3520  300 2440  300 8  60 8     648           5 8      
11 09 1948 085232  1500 3700 1000 2300 1000 8 120 8     658                    
23 07 1949 1503332   32 3857   50 2629   40 1  10 1  60 668           9 8      
17 08 1949 1844198   32 3957   60 4062   40 1  40 1     701           957      
13 08 1951 1833336   31 4088   60 3287   50 1  10 1  73 691                    
12 06 1952 1100156  010 3467  100 2656  100 C  56 C     608                    
17 12 1952 2304020  010 3447  100 2422  100 C  17 C 232 66C                    
18 03 1953 1906161   22 3999   40 2736   30 1  10 1  92 728           9 8 50 8 
23 06 1953 015310  1500 3570  300 2530  300 8 100 8     618                    
07 09 1953 0359041   40 4109   50 3301   60 1  40 1  58 641                    
10 09 1953 040603       3480      3250      9           639                    
28 01 1955 074159  1500 3390 1000 2360 1000 8 130 8     628                    
19 04 1955 164719   500 3930  100 2300  100 8   6 8     618           858  85 8
16 07 1955 0707170   25 3765   30 2726   30 1  40 1  93 688           8 8 130 8
20 02 1956 2031438   22 3989   30 3049   30 1  40 1  68 641           8 8 140 8
09 07 1956 0311426   30 3669   40 2592   40 1  10 1  74 741               175 8
09 07 1956 0324091   56 3659   90 2586  130 1  40 1  28 658                    
30 07 1956 0915006   44 3589   60 2601   70 1  10 1  52 621                    
24 04 1957 1910171   23 3643   30 2863   30 1  80 1  95 681               100 8
25 04 1957 022545    30 3642   30 2868   30 1  80 1  77 711           9 8 230 8
26 05 1957 0633351   26 4067   40 3100   40 1  10 1  71 711                    
13 12 1957 0145050      3441      4767      2  42 2 255 71U                    
16 08 1958 1913440      3438      4783      2   0 2 276 637                    
14 05 1959 063656   500 3510  100 2490  100 8   6 8     608           858  70 8
16 09 1959 0513560   62 3486   80 2590   40 1  50 1  48 661                    
15 04 1960 113901       4050      4200      7 150       607                    
23 05 1961 0245223   22 3670   30 2849   30 1  70 1  96 661               180 8
28 04 1962 1119006   27 3603   40 2687   30 1  50 1  92 601                    
16 07 1963 1827130      4327      4157      2   0 2 266 647                    
18 09 1963 1658148   26 4077   40 2912   40 1  40 1  95 631           8 8 165 8
14 06 1964 1215314   11 3813   30 3851   22 4  03 4 169 601                    
06 10 1964 1431230   10 4030   24 2823   25 4  34 4 210 701           9 8 210 8
 9 03 1965 1757545      3934      2382      4  18 4     634                    
19 08 1966 1222105  016 3917   32 4156   26 4  26 4 314 691           857      
20 08 1966 1159090   13 3942   27 4098   22 4  14 4 224 621                    
20 08 1966 1201437   46 3916   68 4070  100 4  33 4  49 611                    
04 03 1967 175890   017 3925  028 2460  027 4  60 4 329 658                70 8
22 07 1967 1656580   15 4067   27 3069   23 4  33 4 399 721                    
26 07 1967 1853011   14 3954   24 4038   20 4  30 4 229 621                    
19 02 1968 2245424   16 3940   27 2494   28 4   7 4 333 72C                    
03 09 1968 0819526   18 4181   32 3239   30 4  05 4 263 651                    
14 01 1969 2312062  074 3611  022 2919  020 4  22 4     607564   605           
23 03 1969 2108421   83 3914   16 2848   18 4  09 4 256 607564   585           
25 03 1969 1321342   47 3925   24 2844   27 4  37 4 197 607554   575           
28 03 1969 0148295   93 3855   18 2846   20 4   4 4 296 658594   665           
12 06 1969 1513309   13 3443   18 2504   19 4  22 4 288 62C584   565           
28 03 1970 2102235   57 3921   17 2951   17 4  18 4     728604   705           
14 05 1970 181224   100 4300  100 4709  100 7  13 7     657564                 
22  5 1971 1643593   13 3885   24 4052   21 4   3 4 327 687594                 
 4  5 1972 2139570  150 3515   24 2356   20 4  14 4     627594   615           
27  3 1975  515 79    9 4045   14 2612   14 4  15 4 337 67N554   575           
 6  9 1975  920120   61 3851   20 4077   16 4  32 4 405 667784                 
28  7 1976 2017441   21 4318   40 4557   39 4  18 4     647534                 
24 11 1976 1222160  100 3905   21 4404   18 4  10 4     757614                 
11  9 1977 2319190   81 3495   18 2305   15 4   4 4     607584   595           
20  6 1978 20 3215    9 4078   14 2324   14 4   3 4 451 644614   605           
25  2 1981  235535   42 3817   17 2312   14 4  30 4     634574   595           
 4  3 1981 2158072   50 3824   19 2326   17 4  32 4     644584   585           
19 12 1981 1410511   14 3922   20 2525   17 4  10 4     724604   635           
27 12 1981 1739133   13 3891   18 2492   16 4  10 4     654544   605           
18  1 1982 1927250   15 3996   22 2439   19 4  10 4     694584   645           
18  1 1982 1931 79   35 4003   38 2456   69 4  10 4     684534   525           
 6  8 1983 1543519   10 4014   15 2475   15 4   2 4     694604   665           
30 10 1983  412281   50 4035   16 4218   13 4  16 4     684604                 
 7 12 1988  741243    9 4096   17 4416   14 4   5 4     674604                 
29  4 1991 0912481    9 4241   17 4367   15 4  17 4 500 694624                 
29  4 1991 1830410   93 4251   22 4389   19 4  10 4 352 614584                 
15  6 1991 0059203      4246      4400      N   9 N 458 61N61N                 
13  3 1992 1718394   63 3972   18 3963   17 4  23 4 759 684614                 
23 10 1992 2319452      4258      4510      N  16 N 591 65N61N                 
 6 11 1992 19 8 92      3816      2699      N  17 N 359 60N57N   575           
23  5 1994  646161      3555      2472      N  76 N 523    60R                 
