1
                                          STATIONS RECORDING ARIZONA EARTHQUAKES        



 ***** PROGRAM: HYPO71PC (Version 1: 11/29/85) *****


             TEST(1)  TEST(2)  TEST(3)  TEST(4)  TEST(5)  TEST(6)  TEST(7)  TEST(8)  TEST(9) TEST(10) TEST(11) TEST(12) TEST(13)
 STANDARD    0.1000  10.0000   2.0000   0.0500   5.0000   4.0000  -0.8700   2.0000   0.0035 100.0000   8.0000   0.5000   1.0000

    L     STN     LAT     LONG    ELV DELAY     FMGC  XMGC KL  PRR  CALR IC      DATE HRMN
    1    FLAG 3510.51N 11136.91W    0  0.00     0.00   0.00 0 0.00   0.00 0          0   0
    2    WMZ  35 9.36N 11219.56W    0  0.00     0.00   0.00 0 0.00   0.00 0          0   0
    3    RMU  37 4.56N 11058.20W    0  0.00     0.00   0.00 0 0.00   0.00 0          0   0
    4    GCN  36 2.64N 112 7.68W    0  0.00     0.00   0.00 0 0.00   0.00 0          0   0
    5    KNB  37 1.00N 11249.34W    0  0.00     0.00   0.00 0 0.00   0.00 0          0   0
    6    PVO5 38 4.69N 109 5.95W    0  0.00     0.00   0.00 0 0.00   0.00 0          0   0
    7    MMU  3811.91N 11117.66W    0  0.00     0.00   0.00 0 0.00   0.00 0          0   0
    8    MSU  3830.80N 11210.45W    0  0.00     0.00   0.00 0 0.00   0.00 0          0   0
    9    DWU  38 6.32N 11259.85W    0  0.00     0.00   0.00 0 0.00   0.00 0          0   0
   10    WCU  3857.88N 112 5.40W    0  0.00     0.00   0.00 0 0.00   0.00 0          0   0
   11    SGU  3910.95N 11138.60W    0  0.00     0.00   0.00 0 0.00   0.00 0          0   0
   12    BKU  3832.11N 113 7.61W    0  0.00     0.00   0.00 0 0.00   0.00 0          0   0
   13    ALQ  3456.55N 10627.45W    0  0.00     0.00   0.00 0 0.00   0.00 0          0   0
   14    SUU  3953.32N 11147.50W    0  0.00     0.00   0.00 0 0.00   0.00 0          0   0
   15    DLM  3736.35N 11444.33W    0  0.00     0.00   0.00 0 0.00   0.00 0          0   0
   16    JRAR 3446.24N 112 7.02W    0  0.00     0.00   0.00 0 0.00   0.00 0          0   0
   17    ARUT 3747.28N 11326.42W    0  0.00     0.00   0.00 0 0.00   0.00 0          0   0
   18    CCU  3740.52N 113 4.11W    0  0.00     0.00   0.00 0 0.00   0.00 0          0   0
   19    EMN  3555.30N 11445.25W    0  0.00     0.00   0.00 0 0.00   0.00 0          0   0
   20    SRG  3752.93N 115 4.09W    0  0.00     0.00   0.00 0 0.00   0.00 0          0   0
   21    SCN  3522.13N 11132.55W    0  0.00     0.00   0.00 0 0.00   0.00 0          0   0
   22    SHRG 3630.27N 115 9.31W    0  0.00     0.00   0.00 0 0.00   0.00 0          0   0
   23    EPR  3710.12N 11511.19W    0  0.00     0.00   0.00 0 0.00   0.00 0          0   0
   24    PRN  3724.42N 115 2.99W    0  0.00     0.00   0.00 0 0.00   0.00 0          0   0
   25    APKW 3619.19N 11535.22W    0  0.00     0.00   0.00 0 0.00   0.00 0          0   0
   26    NPN  3739.16N 11456.22W    0  0.00     0.00   0.00 0 0.00   0.00 0          0   0
   27    SPRG 3641.64N 11548.56W    0  0.00     0.00   0.00 0 0.00   0.00 0          0   0
   28    MCY  3639.64N 11557.67W    0  0.00     0.00   0.00 0 0.00   0.00 0          0   0
   29    JON  3626.39N 116 6.18W    0  0.00     0.00   0.00 0 0.00   0.00 0          0   0
   30    NOP  36 7.68N 116 9.16W    0  0.00     0.00   0.00 0 0.00   0.00 0          0   0
   31    CPX  3655.80N 116 3.33W    0  0.00     0.00   0.00 0 0.00   0.00 0          0   0
   32    GLR  3711.94N 116 1.01W    0  0.00     0.00   0.00 0 0.00   0.00 0          0   0
   33    LOP  3651.27N 11610.11W    0  0.00     0.00   0.00 0 0.00   0.00 0          0   0
   34    LSM  3644.55N 11616.33W    0  0.00     0.00   0.00 0 0.00   0.00 0          0   0
   35    SDH  3638.73N 11620.29W    0  0.00     0.00   0.00 0 0.00   0.00 0          0   0
   36    BGB  37 2.27N 11613.66W    0  0.00     0.00   0.00 0 0.00   0.00 0          0   0
   37    CDH1 3651.62N 11619.05W    0  0.00     0.00   0.00 0 0.00   0.00 0          0   0
   38    AMR  3623.86N 11628.45W    0  0.00     0.00   0.00 0 0.00   0.00 0          0   0
   39    YMT3 3647.23N 11624.79W    0  0.00     0.00   0.00 0 0.00   0.00 0          0   0
   40    QCS  3746.07N 11554.98W    0  0.00     0.00   0.00 0 0.00   0.00 0          0   0
   41    YMT6 3651.51N 11624.26W    0  0.00     0.00   0.00 0 0.00   0.00 0          0   0
   42    PV5  38 8.88N 10858.15W    0  0.00     0.00   0.00 0 0.00   0.00 0          0   0
   43    TMBR 37 2.05N 11623.13W    0  0.00     0.00   0.00 0 0.00   0.00 0          0   0
   44    YMT4 3650.83N 11627.07W    0  0.00     0.00   0.00 0 0.00   0.00 0          0   0
   45    EPN  3712.85N 11619.42W    0  0.00     0.00   0.00 0 0.00   0.00 0          0   0
   46    YMT2 3647.12N 11629.19W    0  0.00     0.00   0.00 0 0.00   0.00 0          0   0
   47    YMT5 3653.90N 11627.23W    0  0.00     0.00   0.00 0 0.00   0.00 0          0   0
   48    YMT1 3651.20N 11631.80W    0  0.00     0.00   0.00 0 0.00   0.00 0          0   0
   49    FMT  3638.27N 11647.00W    0  0.00     0.00   0.00 0 0.00   0.00 0          0   0
   50    PV01 38 8.06N 10834.22W    0  0.00     0.00   0.00 0 0.00   0.00 0          0   0
   51    QSM  3557.93N 11652.10W    0  0.00     0.00   0.00 0 0.00   0.00 0          0   0
   52    KRNA 3744.47N 11622.80W    0  0.00     0.00   0.00 0 0.00   0.00 0          0   0
   53    TCN  37 8.80N 11643.52W    0  0.00     0.00   0.00 0 0.00   0.00 0          0   0
   54    PAN  3623.59N 117 6.05W    0  0.00     0.00   0.00 0 0.00   0.00 0          0   0
   55    SGV  3658.92N 117 2.11W    0  0.00     0.00   0.00 0 0.00   0.00 0          0   0
   56    PV06 3819.95N 10827.46W    0  0.00     0.00   0.00 0 0.00   0.00 0          0   0
   57    NMUT 3830.99N 11251.00W    0  0.00     0.00   0.00 0 0.00   0.00 0          0   0
   58    EMUT 3948.84N 11048.92W    0  0.00     0.00   0.00 0 0.00   0.00 0          0   0
   59    OPUT 39 4.07N 11057.21W    0  0.00     0.00   0.00 0 0.00   0.00 0          0   0
   60    RLUT 39 9.13N 11049.12W    0  0.00     0.00   0.00 0 0.00   0.00 0          0   0
   61    334  36 0.36N 11214.62W    0  0.00     0.00   0.00 0 0.00   0.00 0          0   0
   62    686  3555.71N 112 8.80W    0  0.00     0.00   0.00 0 0.00   0.00 0          0   0
   63    BULL 3559.60N 11215.52W    0  0.00     0.00   0.00 0 0.00   0.00 0          0   0
   64    605  36 0.00N 112 8.20W    0  0.00     0.00   0.00 0 0.00   0.00 0          0   0
   65    CCR  36 0.44N 11211.40W    0  0.00     0.00   0.00 0 0.00   0.00 0          0   0
   66    LOST 36 1.68N 11211.47W    0  0.00     0.00   0.00 0 0.00   0.00 0          0   0
   67    ERE  36 4.32N 11215.24W    0  0.00     0.00   0.00 0 0.00   0.00 0          0   0
   68    680  36 1.29N 11217.85W    0  0.00     0.00   0.00 0 0.00   0.00 0          0   0
   69    BRK  3752.40N 11215.60W    0  0.00     0.00   0.00 0 0.00   0.00 0          0   0
   70    PLM  3321.21N 116 0.51W    0  0.00     0.00   0.00 0 0.00   0.00 0          0   0
   71    BUT  46 0.80N 11233.80W    0  0.00     0.00   0.00 0 0.00   0.00 0          0   0
   72    TUO  3214.80N 11050.10W    0  0.00     0.00   0.00 0 0.00   0.00 0          0   0
   73    TIN  37 3.30N 11813.70W    0  0.00     0.00   0.00 0 0.00   0.00 0          0   0
   74    REN  3932.40N 11948.78W    0  0.00     0.00   0.00 0 0.00   0.00 0          0   0
   75    BAR  34 8.52N 10637.68W    0  0.00     0.00   0.00 0 0.00   0.00 0          0   0
   76    BDA  36 0.93N 11444.20W    0  0.00     0.00   0.00 0 0.00   0.00 0          0   0
   77    EUR  3929.00N 11558.20W    0  0.00     0.00   0.00 0 0.00   0.00 0          0   0
   78    DEN  3947.50N 105 2.00W    0  0.00     0.00   0.00 0 0.00   0.00 0          0   0



       CRUSTAL MODEL 1
     VELOCITY     DEPTH
        4.700     0.000
        6.200     1.500
        6.800    30.000
        7.900    40.000



KS Z XNEAR XFAR  POS   IQ  KMS  KFM IPUN IMAG   IR IPRN CODE   LATR      LONR
 0 10. 300. 990. 1.78    4    0    0    0    1    0    101111  37  0.00 112  0.00



 ***** AJARIP 0 050302111302.50                                                         ***** DELETED: AJAR NOT ON STATION LIST



 ***** CCAZIP 0 050302111322.34                                                         ***** DELETED: CCAZ NOT ON STATION LIST
1

                                STATIONS RECORDING ARIZONA EARTHQUAKES                                          5/ 3/ 2    11:12

                                                             ADJUSTMENTS (KM)  PARTIAL F-VALUES  STANDARD ERRORS  ADJUSTMENTS TAKEN
  I  ORIG  LAT N    LONG W   DEPTH  DM  RMS AVRPS SKD   CF   DLAT  DLON    DZ  DLAT  DLON    DZ  DLAT  DLON    DZ  DLAT  DLON    DZ
  1 48.16 37- 0.00 112- 0.00 10.00*10714.48  0.00 D0D  2.00  0.00******  0.00  0.20  5.22 -1.00  0.00236.68  0.00  0.00-90.16  0.00
  2 47.85 37- 0.00 110-59.23 10.00*14712.32 -3.47 D1D  0.50************  0.00 22.16 18.44  0.00 84.79 58.52  0.00-99.78-62.82  0.00
  3 52.34 36- 6.05 110-16.88 10.00*159 9.42 -4.14 D0D  2.00******128.43  0.00 10.94  6.73  0.00 53.82 49.50  0.00-89.00 64.22  0.00
  4  2.93 35-17.93 110-59.67 10.00* 58 5.03 -1.92 D0D  2.00  0.00109.51  0.00  0.44  7.00 -1.00  0.00 41.39  0.00  0.00 54.75  0.00
  5  9.67 35-17.93 111-35.79 10.00* 14 3.77 -1.02 D3D  0.50  0.00-24.17  0.00 -1.00  0.44 -1.00  0.00 36.43  0.00  0.00  0.00  0.00
  5  8.66 35-17.93 111-35.79 10.00  14 3.77  0.00 D2D  2.00 31.46 35.08******  0.85  0.26  1.30 34.15 68.72135.70  0.00  0.00  0.00


  DATE    ORIGIN    LAT N    LONG W    DEPTH    MAG NO DM GAP M  RMS  ERH  ERZ Q SQD  ADJ IN NR  AVR  AAR NM AVXM SDXM NF AVFM SDFM I
  50302 1113  8.66 35-17.93 111-35.79  10.00         5 14 217 1 3.77 76.7135.7 D D|D54.75 10  5 0.00 2.94  0  0.0  0.0  0  0.0  0.0 5

  STN  DIST AZM AIN PRMK HRMN P-SEC TPOBS TPCAL DLY/H1 P-RES P-WT AMX PRX CALX K XMAG RMK FMP FMAG SRMK S-SEC TSOBS S-RES  S-WT    DT
 FLAG  13.8 187 124 IP 0 1113  9.38  0.72  2.86  0.00 -2.14  1.44   0  0  0.00 0                   ES 3  9.55  0.89 -4.20   0.4      
 WMZ   68.3 257  97 IP 0 1113 22.58 13.92 11.31  0.00  2.62  1.42   0  0  0.00 0                                                     
 GCN   95.7 330  95 IP 1 1113 26.63 17.97 15.70  0.00  2.27  1.60   0  0  0.00 0                   ES 3 22.14 13.48-14.46   0.2      
     18.47     36.45      9.00      0.11      3.80            0.03
     18.47     35.13      9.00     -0.05      3.76                             -0.02
     18.47     36.45     11.00      0.02      3.84             (  0.07)
     18.47     35.13     11.00     -0.14      3.80                               (  0.03)

     17.93     35.79      8.27      0.08      3.73                    -0.04
                                              3.77                       0.00
     17.93     35.79     11.73     -0.09      3.82                      (  0.05)

     17.39     36.45      9.00     -0.07      2.80           -0.97
     17.39     35.13      9.00      0.07      3.51                             -0.26
     17.39     36.45     11.00     -0.23      2.96             ( -0.81)
     17.39     35.13     11.00     -0.03      3.57                               ( -0.20)
1 ***** CLASS:     A     B     C     D TOTAL *****

       NUMBER:   0.0   0.0   0.0   1.0   1.0

            %:   0.0   0.0   0.0 100.0



          TRAVELTIME RESIDUALS (MODEL=1)     TRAVELTIME RESIDUALS (MODEL=2)     X-MAGNITUDE RESIDUALS      F-MAGNITUDE RESIDUALS
 STATION   NRES    SRWT   AVRES   SDRES       NRES    SRWT   AVRES   SDRES        NXM    AVXM    SDXM        NFM    AVFM    SDFM
    FLAG      1    1.44   -2.14    0.00          0    0.00    0.00    0.00          0    0.00    0.00          0    0.00    0.00
    WMZ       1    1.42    2.62    0.00          0    0.00    0.00    0.00          0    0.00    0.00          0    0.00    0.00
    RMU       0    0.00    0.00    0.00          0    0.00    0.00    0.00          0    0.00    0.00          0    0.00    0.00
    GCN       1    1.60    2.27    0.00          0    0.00    0.00    0.00          0    0.00    0.00          0    0.00    0.00
    KNB       0    0.00    0.00    0.00          0    0.00    0.00    0.00          0    0.00    0.00          0    0.00    0.00
    PVO5      0    0.00    0.00    0.00          0    0.00    0.00    0.00          0    0.00    0.00          0    0.00    0.00
    MMU       0    0.00    0.00    0.00          0    0.00    0.00    0.00          0    0.00    0.00          0    0.00    0.00
    MSU       0    0.00    0.00    0.00          0    0.00    0.00    0.00          0    0.00    0.00          0    0.00    0.00
    DWU       0    0.00    0.00    0.00          0    0.00    0.00    0.00          0    0.00    0.00          0    0.00    0.00
    WCU       0    0.00    0.00    0.00          0    0.00    0.00    0.00          0    0.00    0.00          0    0.00    0.00
    SGU       0    0.00    0.00    0.00          0    0.00    0.00    0.00          0    0.00    0.00          0    0.00    0.00
    BKU       0    0.00    0.00    0.00          0    0.00    0.00    0.00          0    0.00    0.00          0    0.00    0.00
    ALQ       0    0.00    0.00    0.00          0    0.00    0.00    0.00          0    0.00    0.00          0    0.00    0.00
    SUU       0    0.00    0.00    0.00          0    0.00    0.00    0.00          0    0.00    0.00          0    0.00    0.00
    DLM       0    0.00    0.00    0.00          0    0.00    0.00    0.00          0    0.00    0.00          0    0.00    0.00
    JRAR      0    0.00    0.00    0.00          0    0.00    0.00    0.00          0    0.00    0.00          0    0.00    0.00
    ARUT      0    0.00    0.00    0.00          0    0.00    0.00    0.00          0    0.00    0.00          0    0.00    0.00
    CCU       0    0.00    0.00    0.00          0    0.00    0.00    0.00          0    0.00    0.00          0    0.00    0.00
    EMN       0    0.00    0.00    0.00          0    0.00    0.00    0.00          0    0.00    0.00          0    0.00    0.00
    SRG       0    0.00    0.00    0.00          0    0.00    0.00    0.00          0    0.00    0.00          0    0.00    0.00
    SCN       0    0.00    0.00    0.00          0    0.00    0.00    0.00          0    0.00    0.00          0    0.00    0.00
    SHRG      0    0.00    0.00    0.00          0    0.00    0.00    0.00          0    0.00    0.00          0    0.00    0.00
    EPR       0    0.00    0.00    0.00          0    0.00    0.00    0.00          0    0.00    0.00          0    0.00    0.00
    PRN       0    0.00    0.00    0.00          0    0.00    0.00    0.00          0    0.00    0.00          0    0.00    0.00
    APKW      0    0.00    0.00    0.00          0    0.00    0.00    0.00          0    0.00    0.00          0    0.00    0.00
    NPN       0    0.00    0.00    0.00          0    0.00    0.00    0.00          0    0.00    0.00          0    0.00    0.00
    SPRG      0    0.00    0.00    0.00          0    0.00    0.00    0.00          0    0.00    0.00          0    0.00    0.00
    MCY       0    0.00    0.00    0.00          0    0.00    0.00    0.00          0    0.00    0.00          0    0.00    0.00
    JON       0    0.00    0.00    0.00          0    0.00    0.00    0.00          0    0.00    0.00          0    0.00    0.00
    NOP       0    0.00    0.00    0.00          0    0.00    0.00    0.00          0    0.00    0.00          0    0.00    0.00
    CPX       0    0.00    0.00    0.00          0    0.00    0.00    0.00          0    0.00    0.00          0    0.00    0.00
    GLR       0    0.00    0.00    0.00          0    0.00    0.00    0.00          0    0.00    0.00          0    0.00    0.00
    LOP       0    0.00    0.00    0.00          0    0.00    0.00    0.00          0    0.00    0.00          0    0.00    0.00
    LSM       0    0.00    0.00    0.00          0    0.00    0.00    0.00          0    0.00    0.00          0    0.00    0.00
    SDH       0    0.00    0.00    0.00          0    0.00    0.00    0.00          0    0.00    0.00          0    0.00    0.00
    BGB       0    0.00    0.00    0.00          0    0.00    0.00    0.00          0    0.00    0.00          0    0.00    0.00
    CDH1      0    0.00    0.00    0.00          0    0.00    0.00    0.00          0    0.00    0.00          0    0.00    0.00
    AMR       0    0.00    0.00    0.00          0    0.00    0.00    0.00          0    0.00    0.00          0    0.00    0.00
    YMT3      0    0.00    0.00    0.00          0    0.00    0.00    0.00          0    0.00    0.00          0    0.00    0.00
    QCS       0    0.00    0.00    0.00          0    0.00    0.00    0.00          0    0.00    0.00          0    0.00    0.00
    YMT6      0    0.00    0.00    0.00          0    0.00    0.00    0.00          0    0.00    0.00          0    0.00    0.00
    PV5       0    0.00    0.00    0.00          0    0.00    0.00    0.00          0    0.00    0.00          0    0.00    0.00
    TMBR      0    0.00    0.00    0.00          0    0.00    0.00    0.00          0    0.00    0.00          0    0.00    0.00
    YMT4      0    0.00    0.00    0.00          0    0.00    0.00    0.00          0    0.00    0.00          0    0.00    0.00
    EPN       0    0.00    0.00    0.00          0    0.00    0.00    0.00          0    0.00    0.00          0    0.00    0.00
    YMT2      0    0.00    0.00    0.00          0    0.00    0.00    0.00          0    0.00    0.00          0    0.00    0.00
    YMT5      0    0.00    0.00    0.00          0    0.00    0.00    0.00          0    0.00    0.00          0    0.00    0.00
    YMT1      0    0.00    0.00    0.00          0    0.00    0.00    0.00          0    0.00    0.00          0    0.00    0.00
    FMT       0    0.00    0.00    0.00          0    0.00    0.00    0.00          0    0.00    0.00          0    0.00    0.00
    PV01      0    0.00    0.00    0.00          0    0.00    0.00    0.00          0    0.00    0.00          0    0.00    0.00
    QSM       0    0.00    0.00    0.00          0    0.00    0.00    0.00          0    0.00    0.00          0    0.00    0.00
    KRNA      0    0.00    0.00    0.00          0    0.00    0.00    0.00          0    0.00    0.00          0    0.00    0.00
    TCN       0    0.00    0.00    0.00          0    0.00    0.00    0.00          0    0.00    0.00          0    0.00    0.00
    PAN       0    0.00    0.00    0.00          0    0.00    0.00    0.00          0    0.00    0.00          0    0.00    0.00
    SGV       0    0.00    0.00    0.00          0    0.00    0.00    0.00          0    0.00    0.00          0    0.00    0.00
    PV06      0    0.00    0.00    0.00          0    0.00    0.00    0.00          0    0.00    0.00          0    0.00    0.00
    NMUT      0    0.00    0.00    0.00          0    0.00    0.00    0.00          0    0.00    0.00          0    0.00    0.00
    EMUT      0    0.00    0.00    0.00          0    0.00    0.00    0.00          0    0.00    0.00          0    0.00    0.00
    OPUT      0    0.00    0.00    0.00          0    0.00    0.00    0.00          0    0.00    0.00          0    0.00    0.00
    RLUT      0    0.00    0.00    0.00          0    0.00    0.00    0.00          0    0.00    0.00          0    0.00    0.00
    334       0    0.00    0.00    0.00          0    0.00    0.00    0.00          0    0.00    0.00          0    0.00    0.00
    686       0    0.00    0.00    0.00          0    0.00    0.00    0.00          0    0.00    0.00          0    0.00    0.00
    BULL      0    0.00    0.00    0.00          0    0.00    0.00    0.00          0    0.00    0.00          0    0.00    0.00
    605       0    0.00    0.00    0.00          0    0.00    0.00    0.00          0    0.00    0.00          0    0.00    0.00
    CCR       0    0.00    0.00    0.00          0    0.00    0.00    0.00          0    0.00    0.00          0    0.00    0.00
    LOST      0    0.00    0.00    0.00          0    0.00    0.00    0.00          0    0.00    0.00          0    0.00    0.00
    ERE       0    0.00    0.00    0.00          0    0.00    0.00    0.00          0    0.00    0.00          0    0.00    0.00
    680       0    0.00    0.00    0.00          0    0.00    0.00    0.00          0    0.00    0.00          0    0.00    0.00
    BRK       0    0.00    0.00    0.00          0    0.00    0.00    0.00          0    0.00    0.00          0    0.00    0.00
    PLM       0    0.00    0.00    0.00          0    0.00    0.00    0.00          0    0.00    0.00          0    0.00    0.00
    BUT       0    0.00    0.00    0.00          0    0.00    0.00    0.00          0    0.00    0.00          0    0.00    0.00
    TUO       0    0.00    0.00    0.00          0    0.00    0.00    0.00          0    0.00    0.00          0    0.00    0.00
    TIN       0    0.00    0.00    0.00          0    0.00    0.00    0.00          0    0.00    0.00          0    0.00    0.00
    REN       0    0.00    0.00    0.00          0    0.00    0.00    0.00          0    0.00    0.00          0    0.00    0.00
    BAR       0    0.00    0.00    0.00          0    0.00    0.00    0.00          0    0.00    0.00          0    0.00    0.00
    BDA       0    0.00    0.00    0.00          0    0.00    0.00    0.00          0    0.00    0.00          0    0.00    0.00
    EUR       0    0.00    0.00    0.00          0    0.00    0.00    0.00          0    0.00    0.00          0    0.00    0.00
    DEN       0    0.00    0.00    0.00          0    0.00    0.00    0.00          0    0.00    0.00          0    0.00    0.00
